Elements Taxonomy:1330.01587.0
Correct: 415
Precision: 0.31203007518796994
Recall: 0.26149968494013864
F1: 0.28453890983887553
