Elements Taxonomy:956.01587.0
Correct: 352
Precision: 0.3682008368200837
Recall: 0.22180214240705734
F1: 0.2768383798662996
